-9.529617760746047495e-01 8.449455247092017007e-01 6.183168378282903888e-01
-9.839885396275227514e-01 2.459617693588720400e-01 -5.849240922467695558e-01
-8.596556522689648983e-01 -6.112601725117450258e-01 8.122584017324967487e-01
-4.592124514878199726e-01 -1.078291747306650006e-01 6.366308966038953798e-01
7.748678277145877313e-01 9.037690997931384640e-01 1.995753431522104826e-01
7.073557277212685346e-01 6.370230630967019803e-01 5.281958252092739947e-01
-3.121235058935396545e-01 -1.324237189146648674e-02 -1.479631057147081652e-01
3.094472640557957011e-01 9.066583501517093691e-01 -5.233101094373966422e-01
-6.556723772974692999e-01 1.745378479847556896e-01 -9.900279527279540748e-01
-4.744994418793657687e-02 -1.325095753942462373e-02 4.700495469073251442e-03
-2.452991434583362551e-01 3.719477971895870372e-01 -2.753033529123902756e-01
-9.787068862758354637e-01 -6.909151011168652712e-01 8.053602361274421195e-01
-1.069262034275348938e-01 -2.109774479436166139e-02 -8.215800292795187865e-01
-2.940749262688888699e-01 -9.739711737071929942e-01 5.363204555903378079e-01
-8.361660523248519716e-01 8.502251176951025613e-02 -1.720912930389617568e-01
6.383306710685088259e-01 3.522098693526694024e-01 -3.959614421588517619e-01
-9.564892585198836450e-02 -5.808547078689918486e-02 4.231285095251897665e-01
-4.611536188805094305e-01 8.842064799877524806e-02 -3.359709090251381536e-01
-1.417039826903230271e-01 2.280085133269071918e-01 -2.851749621966510606e-01
-7.764299136641517052e-01 8.110041488560812972e-01 -9.219942815261616964e-02
